      1960    21.438    67.051    11.511    49.140    17.168    31.972     0.783  72814900    53.505
      1961    21.635    66.640    11.725    50.060    17.595    32.465     0.770  73377632    53.415
      1962    21.946    66.133    11.920    51.210    18.025    33.185     0.879  74025784    53.303
      1963    22.311    65.582    12.107    52.481    18.460    34.020     0.926  74714353    53.180
      1964    22.636    65.064    12.300    53.696    18.905    34.791     0.805  75318337    53.062
      1965    22.874    64.617    12.510    54.759    19.360    35.399     0.853  75963695    52.962
      1966    23.145    64.114    12.742    55.973    19.873    36.099     0.835  76600311    52.883
      1967    23.316    63.711    12.972    56.958    20.361    36.597     0.457  76951336    52.820
      1968    23.399    63.400    13.201    57.729    20.821    36.908     0.445  77294314    52.771
      1969    23.408    63.169    13.423    58.307    21.250    37.057     0.793  77909682    52.730
      1970    23.335    63.023    13.642    58.672    21.646    37.026     0.333  78169289    52.692
      1971    23.207    62.867    13.926    59.067    22.152    36.915     0.183  78312842    52.658
      1972    22.936    62.865    14.199    59.070    22.586    36.484     0.478  78688452    52.628
      1973    22.558    62.987    14.455    58.764    22.950    35.814     0.315  78936666    52.600
      1974    22.131    63.181    14.689    58.277    23.249    35.028     0.039  78967433    52.572
      1975    21.687    63.421    14.891    57.676    23.480    34.196    -0.373  78673554    52.540
      1976    21.017    63.783    15.200    56.781    23.831    32.950    -0.429  78336950    52.504
      1977    20.448    64.090    15.462    56.031    24.126    31.905    -0.226  78159814    52.463
      1978    19.909    64.437    15.654    55.189    24.293    30.896    -0.087  78091820    52.421
      1979    19.305    64.961    15.734    53.939    24.220    29.719     0.044  78126350    52.381
      1980    18.616    65.706    15.677    52.193    23.860    28.333     0.207  78288576    52.349
      1981    18.108    66.350    15.542    50.717    23.424    27.292     0.152  78407907    52.325
      1982    17.490    67.231    15.279    48.741    22.726    26.015    -0.095  78333366    52.307
      1983    16.847    68.196    14.957    46.636    21.932    24.704    -0.262  78128282    52.287
      1984    16.314    69.012    14.674    44.903    21.264    23.639    -0.346  77858685    52.254
      1985    15.958    69.547    14.495    43.788    20.842    22.946    -0.223  77684873    52.202
      1986    15.760    69.778    14.462    43.311    20.725    22.586     0.046  77720436    52.128
      1987    15.697    69.783    14.520    43.301    20.808    22.494     0.154  77839920    52.036
      1988    15.749    69.614    14.637    43.649    21.026    22.623     0.391  78144619    51.931
      1989    15.843    69.393    14.764    44.106    21.275    22.831     0.773  78751283    51.822
      1990    15.927    69.201    14.873    44.507    21.492    23.015     0.862  79433029    51.715
      1991    16.017    68.966    15.017    45.000    21.774    23.225     0.729  80013896    51.611
      1992    16.072    68.770    15.158    45.412    22.041    23.370     0.760  80624598    51.510
      1993    16.093    68.624    15.283    45.722    22.271    23.451     0.657  81156363    51.416
      1994    16.098    68.529    15.373    45.924    22.433    23.491     0.347  81438348    51.335
      1995    16.088    68.490    15.422    46.008    22.517    23.490     0.294  81678051    51.267
      1996    15.951    68.463    15.586    46.064    22.765    23.299     0.289  81914831    51.215
      1997    15.853    68.462    15.685    46.066    22.910    23.156     0.146  82034771    51.177
      1998    15.752    68.474    15.774    46.042    23.037    23.004     0.015  82047195    51.150
      1999    15.600    68.467    15.934    46.057    23.272    22.784     0.065  82100243    51.128
      2000    15.382    68.414    16.204    46.168    23.685    22.483     0.135  82211508    51.109
      2001    15.270    68.103    16.627    46.835    24.414    22.421     0.168  82349925    51.089
      2002    15.054    67.788    17.158    47.519    25.312    22.207     0.168  82488495    51.071
      2003    14.781    67.467    17.752    48.220    26.312    21.908     0.055  82534176    51.055
      2004    14.520    67.155    18.325    48.910    27.288    21.622    -0.022  82516260    51.042
      2005    14.307    66.869    18.823    49.545    28.149    21.396    -0.057  82469422    51.032
      2006    14.082    66.619    19.299    50.108    28.969    21.139    -0.113  82376451    51.027
      2007    13.911    66.370    19.719    50.670    29.710    20.960    -0.134  82266372    51.024
      2008    13.780    66.148    20.072    51.177    30.344    20.833    -0.190  82110097    51.022
      2009    13.656    65.981    20.363    51.558    30.862    20.696    -0.253  81902307    51.015
      2010    13.521    65.874    20.605    51.806    31.279    20.526    -0.153  81776930    51.001
      2011    13.373    65.864    20.763    51.828    31.523    20.304     0.025  81797673    50.980
      2012    13.229    65.906    20.865    51.732    31.659    20.073    -1.691  80425823    50.951
      2013    13.094    65.954    20.952    51.620    31.767    19.853     2.100  82132753    50.918
      2014    12.977    65.952    21.070    51.624    31.948    19.677    -1.425  80970732    50.886
